#HASS
hass_latitude: 00.000000
hass_longitude: 00.000000
http_password: 000000
CM_latitude: 00.000000
CM_longitude: 00.000000
base_url: 0.duckdns.org


#COMPONENTI
mqtt_username: 000000
mqtt_password: 000000

telegram_bot_api: 000000:000000
telegram_chat_id: 000000

wunderground_api_key: 000000
darksky_api_key: 000000
